3,2
10,65
10,142
10,186
10,211
10,116
10,146
10,184
10,2
10,3
11,20
11,5
11,8
11,6
11,24
11,10
32,5
32,4
32,3
11,11
11,2
11,3
32,2
32,1
32,0
31,5
31,4
31,3
9,5
9,2
9,3
31,2
31,1
31,0
30,4
30,3
8,14
8,10
8,15
8,7
30,2
30,1
30,0
29,5
29,4
29,3
8,6
8,2
8,3
29,2
29,1
29,0
28,4
28,3
12,2
12,1
12,3
28,2
28,1
28,0
27,4
27,3
27,2
27,1
27,0
26,5
26,4
26,3
26,2
26,1
26,0
25,3
25,2
25,1
25,0
24,7
24,6
24,5
24,4
24,3
24,2
24,1
24,0
23,8
23,7
23,6
23,5
23,4
23,3
23,2
23,1
23,0
11,30
20,2
20,1
20,3
11,29
11,28
11,27
11,26
11,1
19,2
19,1
19,3
11,25
